5.410000000000000000e+02 5.520000000000000000e+02 7.340000000000000000e+02 5.960000000000000000e+02
7.250000000000000000e+02 6.780000000000000000e+02 8.140000000000000000e+02 6.570000000000000000e+02
8.010000000000000000e+02 9.140000000000000000e+02 7.820000000000000000e+02 8.410000000000000000e+02
8.440000000000000000e+02 6.770000000000000000e+02 8.650000000000000000e+02 8.520000000000000000e+02
8.350000000000000000e+02 8.830000000000000000e+02 9.530000000000000000e+02 9.340000000000000000e+02
9.970000000000000000e+02 9.560000000000000000e+02 8.030000000000000000e+02 8.040000000000000000e+02
9.040000000000000000e+02 9.480000000000000000e+02 9.690000000000000000e+02 9.740000000000000000e+02
9.690000000000000000e+02 9.420000000000000000e+02 9.380000000000000000e+02 9.740000000000000000e+02
9.770000000000000000e+02 9.720000000000000000e+02 9.240000000000000000e+02 9.690000000000000000e+02
9.830000000000000000e+02 9.830000000000000000e+02 9.920000000000000000e+02 9.500000000000000000e+02
