7.480000000000000000e+02 7.510000000000000000e+02 7.530000000000000000e+02 5.870000000000000000e+02
8.200000000000000000e+02 8.050000000000000000e+02 8.470000000000000000e+02 7.490000000000000000e+02
8.510000000000000000e+02 7.040000000000000000e+02 8.950000000000000000e+02 8.920000000000000000e+02
9.930000000000000000e+02 8.110000000000000000e+02 8.450000000000000000e+02 9.180000000000000000e+02
9.450000000000000000e+02 8.910000000000000000e+02 7.700000000000000000e+02 9.550000000000000000e+02
9.450000000000000000e+02 9.850000000000000000e+02 9.700000000000000000e+02 9.260000000000000000e+02
9.620000000000000000e+02 9.030000000000000000e+02 9.860000000000000000e+02 9.430000000000000000e+02
9.880000000000000000e+02 9.610000000000000000e+02 9.830000000000000000e+02 9.960000000000000000e+02
9.220000000000000000e+02 9.920000000000000000e+02 6.810000000000000000e+02 1.001000000000000000e+03
9.850000000000000000e+02 6.180000000000000000e+02 9.840000000000000000e+02 9.930000000000000000e+02
