4.180000000000000000e+02 4.900000000000000000e+02 5.050000000000000000e+02 4.970000000000000000e+02
5.870000000000000000e+02 4.270000000000000000e+02 4.440000000000000000e+02 5.790000000000000000e+02
4.440000000000000000e+02 6.070000000000000000e+02 6.270000000000000000e+02 5.790000000000000000e+02
7.670000000000000000e+02 5.510000000000000000e+02 5.780000000000000000e+02 6.190000000000000000e+02
6.170000000000000000e+02 6.690000000000000000e+02 7.550000000000000000e+02 7.410000000000000000e+02
7.120000000000000000e+02 6.480000000000000000e+02 7.360000000000000000e+02 9.030000000000000000e+02
7.290000000000000000e+02 9.290000000000000000e+02 7.330000000000000000e+02 7.350000000000000000e+02
7.880000000000000000e+02 7.020000000000000000e+02 7.640000000000000000e+02 7.640000000000000000e+02
7.570000000000000000e+02 8.240000000000000000e+02 8.710000000000000000e+02 7.640000000000000000e+02
7.680000000000000000e+02 8.600000000000000000e+02 8.070000000000000000e+02 8.300000000000000000e+02
