4.380000000000000000e+02 6.660000000000000000e+02 5.920000000000000000e+02 3.760000000000000000e+02
7.450000000000000000e+02 6.700000000000000000e+02 7.490000000000000000e+02 7.300000000000000000e+02
8.260000000000000000e+02 7.400000000000000000e+02 6.290000000000000000e+02 7.600000000000000000e+02
8.420000000000000000e+02 8.030000000000000000e+02 7.710000000000000000e+02 8.310000000000000000e+02
8.940000000000000000e+02 8.510000000000000000e+02 8.550000000000000000e+02 8.000000000000000000e+02
9.690000000000000000e+02 8.730000000000000000e+02 9.710000000000000000e+02 9.800000000000000000e+02
9.980000000000000000e+02 9.640000000000000000e+02 9.330000000000000000e+02 9.830000000000000000e+02
9.340000000000000000e+02 9.520000000000000000e+02 9.290000000000000000e+02 9.670000000000000000e+02
9.470000000000000000e+02 9.870000000000000000e+02 8.760000000000000000e+02 9.160000000000000000e+02
9.550000000000000000e+02 9.160000000000000000e+02 9.890000000000000000e+02 9.910000000000000000e+02
9.640000000000000000e+02 9.070000000000000000e+02 9.830000000000000000e+02 9.660000000000000000e+02
