6.970000000000000000e+02 7.880000000000000000e+02 7.840000000000000000e+02 6.890000000000000000e+02
8.630000000000000000e+02 8.000000000000000000e+02 9.500000000000000000e+02 8.940000000000000000e+02
9.840000000000000000e+02 8.090000000000000000e+02 8.340000000000000000e+02 9.180000000000000000e+02
9.700000000000000000e+02 9.170000000000000000e+02 9.920000000000000000e+02 9.980000000000000000e+02
9.370000000000000000e+02 9.750000000000000000e+02 9.830000000000000000e+02 9.990000000000000000e+02
9.990000000000000000e+02 9.840000000000000000e+02 9.460000000000000000e+02 9.940000000000000000e+02
9.960000000000000000e+02 1.001000000000000000e+03 9.930000000000000000e+02 9.740000000000000000e+02
9.510000000000000000e+02 9.870000000000000000e+02 1.000000000000000000e+03 9.950000000000000000e+02
9.960000000000000000e+02 9.890000000000000000e+02 9.910000000000000000e+02 9.810000000000000000e+02
1.001000000000000000e+03 9.920000000000000000e+02 9.890000000000000000e+02 9.860000000000000000e+02
9.980000000000000000e+02 1.000000000000000000e+03 9.980000000000000000e+02 1.001000000000000000e+03
