2.640000000000000000e+02 2.760000000000000000e+02 4.470000000000000000e+02 5.330000000000000000e+02
7.330000000000000000e+02 3.530000000000000000e+02 5.460000000000000000e+02 9.350000000000000000e+02
5.910000000000000000e+02 3.730000000000000000e+02 4.970000000000000000e+02 8.010000000000000000e+02
6.110000000000000000e+02 5.380000000000000000e+02 4.040000000000000000e+02 5.190000000000000000e+02
7.340000000000000000e+02 5.100000000000000000e+02 6.460000000000000000e+02 4.820000000000000000e+02
6.180000000000000000e+02 9.260000000000000000e+02 8.850000000000000000e+02 7.580000000000000000e+02
7.940000000000000000e+02 7.620000000000000000e+02 8.090000000000000000e+02 7.480000000000000000e+02
6.070000000000000000e+02 8.740000000000000000e+02 9.430000000000000000e+02 8.690000000000000000e+02
9.210000000000000000e+02 9.910000000000000000e+02 9.310000000000000000e+02 8.020000000000000000e+02
8.770000000000000000e+02 7.900000000000000000e+02 7.950000000000000000e+02 7.280000000000000000e+02
