8.100000000000000000e+02 7.930000000000000000e+02 7.780000000000000000e+02 8.590000000000000000e+02
8.590000000000000000e+02 8.680000000000000000e+02 8.030000000000000000e+02 9.500000000000000000e+02
9.730000000000000000e+02 9.460000000000000000e+02 9.100000000000000000e+02 9.200000000000000000e+02
9.530000000000000000e+02 9.580000000000000000e+02 9.700000000000000000e+02 9.710000000000000000e+02
9.800000000000000000e+02 9.590000000000000000e+02 9.480000000000000000e+02 9.530000000000000000e+02
9.790000000000000000e+02 9.410000000000000000e+02 9.860000000000000000e+02 9.610000000000000000e+02
9.920000000000000000e+02 9.620000000000000000e+02 9.980000000000000000e+02 9.960000000000000000e+02
9.760000000000000000e+02 9.670000000000000000e+02 9.960000000000000000e+02 9.870000000000000000e+02
9.950000000000000000e+02 9.880000000000000000e+02 9.600000000000000000e+02 9.910000000000000000e+02
9.840000000000000000e+02 9.950000000000000000e+02 9.990000000000000000e+02 9.610000000000000000e+02
